catholics normalized to the base game 30%
0.8638 0.1362
0.8889 0.1111
0.9069 0.0931
0.9362 0.0638
0.8941 0.1059
0.9682 0.0318
0.6483 0.3517
0.8487 0.1513
0.2003 0.7997
0.949 0.051
0.9655 0.0345
0.9302 0.0698
0.9749 0.0251
0.7698 0.2302
0.962 0.038
0.9092 0.0908
0.527 0.473
0.6026 0.3974
0.7391 0.2609
0.2348 0.7652
0.3135 0.6865
0.5784 0.4216
0.3782 0.6218
0.1987 0.8013
0.1442 0.8558
0.5695 0.4305
0.6147 0.3853
0.9488 0.0512
0.975 0.025
0.9765 0.0235
0.7051 0.2949
0.4658 0.5342
0.7157 0.2843
0.949 0.051
0.9545 0.0455