32.9407 32.3428 10.5495 12.4670 0.1362		
0.2177 61.7240 18.5454 10.8130 0.1111		
2.6120 53.1418 20.7711 12.8751 0.0931		
14.6564 51.5012 12.7975 10.4449 0.0638		
26.3380 43.0560 9.4449 10.5611 0.1059		
29.8933 36.4754 10.9061 12.1252 0.0318		
18.5019 48.1411 12.2629 10.8940 0.3517		
22.0572 49.3591 9.3687 9.9150 0.1513		
22.6376 48.0547 10.0297 10.0780 0.7997		
17.4136 50.1226 11.7892 10.1747 0.051		
16.3252 55.7609 9.6463 8.7675 0.0345		
15.1643 58.2675 9.6640 8.5042 0.0698		
16.7606 46.3311 14.6413 11.8670 0.0251		
22.7102 43.1056 14.6296 12.5547 0.2302		
26.9185 43.4351 10.4816 11.0648 0.038		
16.0350 51.9000 11.9522 10.1129 0.0908		
14.8741 60.3134 9.4424 8.4701 0.473		
5.2241 69.4465 10.1456 6.9838 0.3974		
16.7606 51.3961 13.1004 11.0429 0.2609		
9.2872 58.0155 13.9643 9.9329 0.7652		
28.1519 42.9699 10.4301 11.4480 0.6865		
1.7414 70.1184 12.5075 7.7327 0.4216		
6.1673 67.7338 11.2355 7.7634 0.6218		
23.0004 43.1830 11.5814 11.3353 0.8013		
37.0764 35.2444 6.9543 11.1250 0.8558		
23.8711 47.8775 9.3079 9.9435 0.4305		
18.1391 56.9674 9.2569 8.8366 0.3853		
8.5617 60.3247 12.1235 8.7901 0.0512		
6.5301 61.4448 13.5428 9.0823 0.025		
4.6436 71.8525 9.0664 6.1375 0.0235		
24.2339 49.8238 8.8574 9.9849 0.2949		
20.4609 50.7020 11.1863 10.6509 0.5342		
17.5587 52.4650 11.5483 10.1281 0.2843		
1.3786 50.2678 24.5951 14.5585 0.051		
25.7576 38.7275 12.2769 12.3380 0.0455		