ngl, this is 99.99% guesswork
oh well
32.94065037348 32.342768746362 10.549540289969524 12.467040588372475
0.21766949585999998 61.723988096474 18.54535253592656 10.812989871727439
2.61203395032 53.141765395208 20.77110945760922 12.875091196718783
14.656412721239999 51.501184634726 12.79750297734884 10.44489966587716
26.338008999059998 43.056021850824 9.444878436247887 10.561090712416114
29.89327743144 36.475360525576 10.906126327510258 12.125235713825743
18.5019071481 48.1411266155 12.262945817478276 10.894020417901725
22.05717558048 49.359127754542 9.368654609710655 9.915042054051344
22.63762756944 48.054699011256005 10.029669048545738 10.078004369510262
17.413559668799998 50.12261116087 11.789169644015507 10.174659525354492
16.3252121895 55.7609067014 9.646335715212405 8.767545392987596
15.164308211579998 58.267493856251996 9.663992755989016 8.504205175342985
16.760551181220002 46.331128769688 14.641327280261883 11.866992767906114
22.71018406806 43.105555548864 14.629555919744144 12.554704462079858
26.91846098802 43.435120027028 10.48159323236483 11.06482575110317
16.03498619502 51.899965480728 11.95216483107048 10.112883492297522
14.8740822171 60.31336363074 9.442430783173425 8.470123368166576
5.22406790064 69.44651932010599 10.145578793529747 6.983833985436252
16.760551181220002 51.396088295718 13.100417535277877 11.042942986860124
9.28723182336 58.015518117104 13.964346532041997 9.932903526982003
28.151921464559997 42.969903343204 10.430135953400313 11.448039237283687
1.7413559668799998 70.118375097612 12.50752704207398 7.732741893338021
6.1673023827 67.73380738716 11.235498164403811 7.763392065396188
23.00041006254 43.182969850046 11.581359779937543 11.335260306208458
37.07637079482 35.244408725048 6.9542587080919605 11.12496176999604
23.87108804598 47.877549910362 9.307873623302859 9.943488419039141
18.139124655 56.96739644015 9.256883249192914 8.836595654657085
8.56166683716 60.324692742794 12.123493351458784 8.790147068115214
6.5300848758 61.4448483682 13.542784559226401 9.082282196413596
4.64361591168 71.852461617872 9.066440409063478 6.13748206112852
24.233870539079998 49.823807384142 8.857406718448285 9.984915356993715
20.46093261084 50.701951798726 11.18625508608647 10.65086050321953
17.55867266604 52.465014188276 11.548259899031498 10.128053245684502
1.37857347378 50.267805681322 24.59512627832337 14.558494566498627
25.7575570101 38.727504433090004 12.276931378643193 12.338007176746807