0.469858156
0.9892542446
1.099210187
0.606194928
1.005856437
0.8944229529
1.142891683
1.226171287
1.118686869
0.9824575543
1.325032237
0.8132656351
0.6373307544




basically all guesses
:sad: 





0.469858156
1.099210187
1.099210187
1.099210187
1.099210187
0.606194928
0.9892542446
0.9892542446
0.9892542446
0.9824575543
0.9824575543
0.9824575543
1.005856437
0.8944229529
0.8944229529
0.8944229529
1.142891683
1.142891683
1.118686869
1.226171287
1.226171287
1.226171287
1.226171287
0.8132656351
0.8132656351
0.8132656351
0.8132656351
1.325032237
1.325032237
1.325032237
0.6373307544
0.6373307544
1.118686869
1.005856437
0.606194928